0.348660 
0.351614 
0.350920 
0.344655 
0.350756 
0.349065 
0.346585 
0.350087 
0.348455 
0.350373 
0.346761 
0.344724 
0.345344 
0.348219 
0.346533 
0.341952 
0.345080 
0.346672 
0.350472 
0.348260 
0.350190 
0.355825 
0.353202 
0.104907 
0.000000 
0.000000 
0.000000 
0.000000 
0.000000 
0.000000 
0.000000 
0.000000 
0.000000 
0.000000 
0.000000 
0.000000 
0.000000 
0.000000 
0.000000 
0.000000 
0.000000 
0.000000 
0.000000 
0.000000 
0.000000 
0.000000 
0.000000 
0.000000 
0.000000 
0.000000 
0.000000 
0.000000 
0.000000 
0.000000 
0.000000 
0.000000 
0.000000 
0.000000 
0.000000 
0.000000 
0.000000 
0.000000 
0.000000 
0.000000 
0.000000 
0.000000 
0.000000 
0.000000 
0.000000 
0.000000 
0.000000 
0.000000 
0.049014 
0.111776 
0.158866 
0.196326 
0.226568 
0.250470 
0.265264 
0.277801 
0.286460 
0.337714 
0.349420 
0.346765 
0.347413 
0.351945 
0.346847 
0.345094 
0.347810 
0.344752 
0.346030 
0.341713 
0.349545 
0.345666 
0.339941 
0.342733 
0.347480 
0.339411 
0.340071 
0.346639 
0.345223 
0.342357 
0.347660 
0.341759 
0.343967 
0.349198 
0.347198 
0.350134 
0.344246 
0.340742 
0.342610 
0.343429 
0.343368 
0.348122 
0.348900 
0.347475 
0.345639 
0.342162 
0.341672 
0.344357 
0.348749 
0.353485 
0.344918 
0.103222 
0.000000 
0.000000 
0.000000 
0.000000 
0.000000 
0.000000 
0.000000 
0.000000 
0.000000 
0.000000 
0.000000 
0.000000 
0.000000 
0.000000 
0.000000 
0.000000 
0.000000 
0.000000 
0.000000 
0.000000 
0.000000 
0.000000 
0.000000 
0.000000 
0.000000 
0.000000 
0.000000 
0.000000 
0.000000 
0.000000 
0.000000 
0.000000 
0.000000 
0.000000 
0.000000 
0.000000 
0.000000 
0.000000 
0.000000 
0.000000 
0.000000 
0.000000 
0.000000 
0.000000 
0.000000 
0.000000 
0.000000 
0.000000 
0.000000 
0.045421 
0.110514 
0.156630 
0.192339 
0.225185 
0.249005 
0.266009 
0.278614 
0.282174 
0.308691 
0.342178 
0.347893 
0.344852 
0.345015 
0.345591 
0.349785 
0.345038 
0.345823 
0.349612 
0.347135 
0.346504 
0.344696 
0.345455 
0.343425 
0.350039 
0.350092 
0.346662 
0.346348 
0.340455 
0.342531 
0.343108 
0.348308 
0.351961 
0.343062 
0.352145 
0.344895 
0.344596 
0.345361 
0.346806 
0.347722 
0.347655 
0.343473 
0.348809 
0.343699 
0.345238 
0.352618 
0.348525 
0.347721 
0.345209 
0.104798 
0.000000 
0.000000 
0.000000 
0.000000 
0.000000 
0.000000 
0.000000 
0.000000 
0.000000 
0.000000 
0.000000 
0.000000 
0.000000 
0.000000 
0.000000 
0.000000 
0.000000 
0.000000 
0.000000 
0.000000 
0.000000 
0.000000 
0.000000 
0.000000 
0.000000 
0.000000 
0.000000 
0.000000 
0.000000 
0.000000 
0.000000 
0.000000 
0.000000 
0.000000 
0.000000 
0.000000 
0.000000 
0.000000 
0.000000 
0.000000 
0.000000 
0.000000 
0.000000 
0.000000 
0.000000 
0.000000 
0.000000 
0.000000 
0.000000 
0.000000 
0.043898 
0.110189 
0.156478 
0.194667 
0.224818 
0.248937 
0.265541 
0.280874 
0.280713 
0.281930 
0.280984 
0.280738 
0.284195 
0.280893 
0.289226 
0.338285 
0.343775 
0.343793 
0.348193 
0.341530 
0.346773 
0.350031 
0.345302 
0.345001 
0.342689 
0.345942 
0.348000 
0.347069 
0.345119 
0.346637 
0.350588 
0.348234 
0.353663 
0.350064 
0.348498 
0.345075 
0.353373 
0.348504 
0.343576 
0.351500 
0.344921 
0.341671 
0.344728 
0.345235 
0.348335 
0.351762 
0.350429 
0.347640 
0.346745 
0.343533 
0.106545 
0.000000 
0.000000 
0.000000 
0.000000 
0.000000 
0.000000 
0.000000 
0.000000 
0.000000 
0.000000 
0.000000 
0.000000 
0.000000 
0.000000 
0.000000 
0.000000 
0.000000 
0.000000 
0.000000 
0.000000 
0.000000 
0.000000 
0.000000 
0.000000 
0.000000 
0.000000 
0.000000 
0.000000 
0.000000 
0.000000 
0.000000 
0.000000 
0.000000 
0.000000 
0.000000 
0.000000 
0.000000 
0.000000 
0.000000 
0.000000 
0.000000 
0.000000 
0.000000 
0.000000 
0.000000 
0.000000 
0.000000 
0.000000 
0.000000 
0.045950 
0.111651 
0.158909 
0.196361 
0.227526 
0.252163 
0.267356 
0.281092 
0.281055 
0.282724 
0.303188 
0.346629 
0.346705 
0.348535 
0.354814 
0.347542 
0.347884 
0.350119 
0.343791 
0.341643 
0.348539 
0.343257 
0.340240 
0.341558 
0.348693 
0.348399 
0.345012 
0.347483 
0.350141 
0.348043 
0.348816 
0.348176 
0.351718 
0.346876 
0.350078 
0.348128 
0.346159 
0.344521 
0.349951 
0.346539 
0.342151 
0.344992 
0.348265 
0.341865 
0.346834 
0.348643 
0.347950 
0.343752 
0.342164 
0.344593 
0.101484 
0.000000 
0.000000 
0.000000 
0.000000 
0.000000 
0.000000 
0.000000 
0.000000 
0.000000 
0.000000 
0.000000 
0.000000 
0.000000 
0.000000 
0.000000 
0.000000 
0.000000 
0.000000 
0.000000 
0.000000 
0.000000 
0.000000 
0.000000 
0.000000 
0.000000 
0.000000 
0.000000 
0.000000 
0.000000 
0.000000 
0.000000 
0.000000 
0.000000 
0.000000 
0.000000 
0.000000 
0.000000 
0.000000 
0.000000 
0.000000 
0.000000 
0.000000 
0.000000 
0.000000 
0.000000 
0.000000 
0.000000 
0.000000 
0.000000 
0.047436 
0.113291 
0.160551 
0.197461 
0.228135 
0.253145 
0.269415 
0.280374 
0.304511 
0.346839 
0.343958 
0.346974 
0.355124 
0.347784 
0.344181 
0.345926 
0.350260 
0.345394 
0.344714 
0.342670 
0.344197 
0.345068 
0.348423 
0.348484 
0.345177 
0.340716 
0.340024 
0.340848 
0.341763 
0.345057 
0.346908 
0.346885 
0.339493 
0.338922 
0.348499 
0.345056 
0.345166 
0.343072 
0.341726 
0.343479 
0.345806 
0.350003 
0.346060 
0.346891 
0.354790 
0.345488 
0.347157 
0.353276 
0.339961 
0.339035 
0.097955 
0.000000 
0.000000 
0.000000 
0.000000 
0.000000 
0.000000 
0.000000 
0.000000 
0.000000 
0.000000 
0.000000 
0.000000 
0.000000 
0.000000 
0.000000 
0.000000 
0.000000 
0.000000 
0.000000 
0.000000 
0.000000 
0.000000 
0.000000 
0.000000 
0.000000 
0.000000 
0.000000 
0.000000 
0.000000 
0.000000 
0.000000 
0.000000 
0.000000 
0.000000 
0.000000 
0.000000 
0.000000 
0.000000 
0.000000 
0.000000 
0.000000 
0.000000 
0.000000 
0.000000 
0.000000 
0.000000 
0.000000 
0.000000 
0.000000 
0.048825 
0.112191 
0.159006 
0.197945 
0.226440 
0.253048 
0.272296 
0.279521 
0.297169 
0.338278 
0.340218 
0.342042 
0.341260 
0.347314 
0.346304 
0.343764 
0.344152 
0.342158 
0.342033 
0.341897 
0.348039 
0.348444 
0.344810 
0.346910 
0.345461 
0.346543 
0.344936 
0.345513 
0.349665 
0.347099 
0.346719 
0.343872 
0.349484 
0.343714 
0.348136 
0.345334 
0.348457 
0.346525 
0.346879 
0.345379 
0.347812 
0.347141 
0.344061 
0.348014 
0.349656 
0.344075 
0.341205 
0.345375 
0.346437 
0.343598 
0.101320 
0.000000 
0.000000 
0.000000 
0.000000 
0.000000 
0.000000 
0.000000 
0.000000 
0.000000 
0.000000 
0.000000 
0.000000 
0.000000 
0.000000 
0.000000 
0.000000 
0.000000 
0.000000 
0.000000 
0.000000 
0.000000 
0.000000 
0.000000 
0.000000 
0.000000 
0.000000 
0.000000 
0.000000 
0.000000 
0.000000 
0.000000 
0.000000 
0.000000 
0.000000 
0.000000 
0.000000 
0.000000 
0.000000 
0.000000 
0.000000 
0.000000 
0.000000 
0.000000 
0.000000 
0.000000 
0.000000 
0.000000 
0.000000 
0.000000 
0.047549 
0.113305 
0.160613 
0.199784 
0.232506 
0.254760 
0.270698 
0.282930 
0.318552 
0.341982 
0.351549 
0.347877 
0.348229 
0.343277 
0.345484 
0.348584 
0.343451 
0.341880 
0.343091 
0.346890 
0.340451 
0.343189 
0.347966 
0.341285 
0.348504 
0.348831 
0.350067 
0.346583 
0.343786 
0.346761 
0.348363 
0.350174 
0.345868 
0.349713 
0.346382 
0.349833 
0.349249 
0.345462 
0.348095 
0.346587 
0.348207 
0.345413 
0.350451 
0.351151 
0.352354 
0.345211 
0.347785 
0.345532 
0.341669 
0.338248 
0.104816 
0.000000 
0.000000 
0.000000 
0.000000 
0.000000 
0.000000 
0.000000 
0.000000 
0.000000 
0.000000 
0.000000 
0.000000 
0.000000 
0.000000 
0.000000 
0.000000 
0.000000 
0.000000 
0.000000 
0.000000 
0.000000 
0.000000 
0.000000 
0.000000 
0.000000 
0.000000 
0.000000 
0.000000 
0.000000 
0.000000 
0.000000 
0.000000 
0.000000 
0.000000 
0.000000 
0.000000 
0.000000 
0.000000 
0.000000 
0.000000 
0.000000 
0.000000 
0.000000 
0.000000 
0.000000 
0.000000 
0.000000 
0.000000 
0.000000 
0.047377 
0.113358 
0.160629 
0.201252 
0.231523 
0.255635 
0.272193 
0.281111 
0.283904 
0.323638 
0.339858 
0.346721 
0.346679 
0.348674 
0.347216 
0.348364 
0.349668 
0.345350 
0.351419 
0.345444 
0.350616 
0.346202 
0.346755 
0.345639 
0.344675 
0.347173 
0.344292 
0.348804 
0.343323 
0.345096 
0.347023 
0.350142 
0.346922 
0.342006 
0.344567 
0.343174 
0.346579 
0.349063 
0.351480 
0.351882 
0.347187 
0.350451 
0.349485 
0.353841 
0.347804 
0.348750 
0.344213 
0.342619 
0.348144 
0.345753 
0.101487 
0.000000 
0.000000 
0.000000 
0.000000 
0.000000 
0.000000 
0.000000 
0.000000 
0.000000 
0.000000 
0.000000 
0.000000 
0.000000 
0.000000 
0.000000 
0.000000 
0.000000 
0.000000 
0.000000 
0.000000 
0.000000 
0.000000 
0.000000 
0.000000 
0.000000 
0.000000 
0.000000 
0.000000 
0.000000 
0.000000 
0.000000 
0.000000 
0.000000 
0.000000 
0.000000 
0.000000 
0.000000 
0.000000 
0.000000 
0.000000 
0.000000 
0.000000 
0.000000 
0.000000 
0.000000 
0.000000 
0.000000 
0.000000 
0.000000 
0.044016 
0.113274 
0.160703 
0.199970 
0.231275 
0.255908 
0.271414 
0.280861 
0.281104 
0.289260 
0.334891 
0.348622 
0.341718 
0.341335 
0.342203 
0.347984 
0.348872 
0.343186 
0.350431 
0.348991 
0.341686 
0.345116 
0.350167 
0.347806 
0.343046 
0.343773 
0.344736 
0.345574 
0.346832 
0.341797 
0.355165 
0.343440 
0.350092 
0.344722 
0.342085 
0.341514 
0.348648 
0.343533 
0.348420 
0.343727 
0.338439 
0.346210 
0.346816 
0.340218 
0.346531 
0.350188 
0.350336 
0.344972 
0.344568 
0.347255 
0.099824 
0.000000 
0.000000 
0.000000 
0.000000 
0.000000 
0.000000 
0.000000 
0.000000 
0.000000 
0.000000 
0.000000 
0.000000 
0.000000 
0.000000 
0.000000 
0.000000 
0.000000 
0.000000 
0.000000 
0.000000 
0.000000 
0.000000 
0.000000 
0.000000 
0.000000 
0.000000 
0.000000 
0.000000 
0.000000 
0.000000 
0.000000 
0.000000 
0.000000 
0.000000 
0.000000 
0.000000 
0.000000 
0.000000 
0.000000 
0.000000 
0.000000 
0.000000 
0.000000 
0.000000 
0.000000 
0.000000 
0.000000 
0.000000 
0.000000 
0.045620 
0.113327 
0.159707 
0.198660 
0.231543 
0.252608 
0.272608 
0.281902 
0.309807 
0.343354 
0.348361 
0.348065 
0.342429 
0.341283 
0.341905 
0.348582 
0.343601 
0.340115 
0.351049 
0.347617 
0.340263 
0.341493 
0.350218 
0.349905 
0.351563 
0.350775 
0.344873 
0.348680 
0.348588 
0.347856 
0.350515 
0.351970 
0.345044 
0.346816 
0.346812 
0.346776 
0.347656 
0.344070 
0.351866 
0.346730 
0.352073 
0.343356 
0.339949 
0.349949 
0.345062 
0.351658 
0.346575 
0.340134 
0.346628 
0.344648 
0.102146 
0.000000 
0.000000 
0.000000 
0.000000 
0.000000 
0.000000 
0.000000 
0.000000 
0.000000 
0.000000 
0.000000 
0.000000 
0.000000 
0.000000 
