0.415579 
0.411232 
0.400944 
0.403431 
0.407780 
0.415706 
0.412823 
0.415776 
0.423186 
0.411455 
0.109916 
0.000000 
0.000000 
0.000000 
0.000000 
0.000000 
0.000000 
0.000000 
0.000000 
0.000000 
0.000000 
0.000000 
0.000000 
0.000000 
0.000000 
0.000000 
0.000000 
0.000000 
0.000000 
0.000000 
0.000000 
0.000000 
0.000000 
0.000000 
0.000000 
0.000000 
0.000000 
0.000000 
0.000000 
0.000000 
0.000000 
0.000000 
0.000000 
0.000000 
0.000000 
0.000000 
0.000000 
0.000000 
0.000000 
0.000000 
0.000000 
0.000000 
0.000000 
0.000000 
0.000000 
0.000000 
0.000000 
0.000000 
0.000000 
0.000000 
0.135242 
0.355306 
0.406154 
0.407795 
0.407647 
0.409990 
0.411762 
0.410708 
0.409829 
0.412301 
0.410956 
0.409505 
0.408065 
0.412203 
0.416281 
0.410203 
0.416885 
0.402242 
0.410288 
0.408004 
0.409389 
0.410915 
0.411182 
0.407589 
0.407013 
0.410139 
0.407557 
0.411153 
0.409215 
0.406159 
0.411938 
0.411562 
0.409530 
0.412741 
0.404372 
0.412401 
0.419970 
0.412654 
0.407892 
0.414335 
0.406037 
0.413578 
0.411390 
0.410457 
0.408610 
0.409661 
0.415625 
0.420668 
0.412819 
0.413874 
0.415824 
0.110128 
0.000000 
0.000000 
0.000000 
0.000000 
0.000000 
0.000000 
0.000000 
0.000000 
0.000000 
0.000000 
0.000000 
0.000000 
0.000000 
0.000000 
0.000000 
0.000000 
0.000000 
0.000000 
0.000000 
0.000000 
0.000000 
0.000000 
0.000000 
0.000000 
0.000000 
0.000000 
0.000000 
0.000000 
0.000000 
0.000000 
0.000000 
0.000000 
0.000000 
0.000000 
0.000000 
0.000000 
0.000000 
0.000000 
0.000000 
0.000000 
0.000000 
0.000000 
0.000000 
0.000000 
0.000000 
0.000000 
0.000000 
0.000000 
0.182610 
0.378776 
0.409599 
0.412308 
0.407981 
0.413083 
0.414116 
0.412614 
0.406221 
0.407661 
0.411186 
0.408958 
0.416399 
0.414424 
0.410741 
0.411267 
0.411643 
0.411261 
0.403537 
0.410016 
0.408923 
0.410651 
0.406037 
0.406251 
0.412905 
0.407517 
0.409209 
0.406364 
0.409852 
0.408565 
0.409230 
0.409578 
0.410348 
0.409905 
0.412741 
0.408023 
0.409415 
0.409188 
0.409227 
0.404382 
0.404658 
0.405562 
0.406001 
0.404779 
0.407273 
0.405560 
0.409913 
0.411699 
0.409083 
0.410902 
0.415780 
0.115155 
0.000000 
0.000000 
0.000000 
0.000000 
0.000000 
0.000000 
0.000000 
0.000000 
0.000000 
0.000000 
0.000000 
0.000000 
0.000000 
0.000000 
0.000000 
0.000000 
0.000000 
0.000000 
0.000000 
0.000000 
0.000000 
0.000000 
0.000000 
0.000000 
0.000000 
0.000000 
0.000000 
0.000000 
0.000000 
0.000000 
0.000000 
0.000000 
0.000000 
0.000000 
0.000000 
0.000000 
0.000000 
0.000000 
0.000000 
0.000000 
0.000000 
0.000000 
0.000000 
0.000000 
0.000000 
0.000000 
0.000000 
0.000000 
0.143606 
0.357340 
0.405719 
0.409657 
0.409820 
0.409599 
0.410777 
0.408884 
0.406146 
0.410904 
0.413492 
0.415149 
0.408330 
0.410812 
0.408252 
0.409670 
0.410150 
0.407675 
0.411661 
0.407070 
0.419547 
0.415896 
0.413649 
0.415496 
0.412408 
0.418207 
0.413060 
0.412674 
0.411754 
0.413005 
0.407850 
0.411257 
0.411303 
0.409305 
0.406029 
0.407790 
0.415949 
0.414631 
0.411650 
0.419189 
0.406040 
0.406023 
0.413703 
0.413525 
0.419232 
0.416586 
0.414225 
0.414557 
0.411187 
0.409229 
0.111648 
0.000000 
0.000000 
0.000000 
0.000000 
0.000000 
0.000000 
0.000000 
0.000000 
0.000000 
0.000000 
0.000000 
0.000000 
0.000000 
0.000000 
0.000000 
0.000000 
0.000000 
0.000000 
0.000000 
0.000000 
0.000000 
0.000000 
0.000000 
0.000000 
0.000000 
0.000000 
0.000000 
0.000000 
0.000000 
0.000000 
0.000000 
0.000000 
0.000000 
0.000000 
0.000000 
0.000000 
0.000000 
0.000000 
0.000000 
0.000000 
0.000000 
0.000000 
0.000000 
0.000000 
0.000000 
0.000000 
0.000000 
0.000000 
0.000000 
0.152218 
0.356838 
0.407362 
0.404828 
0.411130 
0.417729 
0.411109 
0.405688 
0.407815 
0.407841 
0.405980 
0.408911 
0.409068 
0.413466 
0.411093 
0.412782 
0.414343 
0.411195 
0.410824 
0.411056 
0.415877 
0.416581 
0.419762 
0.407459 
0.412635 
0.408746 
0.412734 
0.413922 
0.406786 
0.407340 
0.413447 
0.422677 
0.407985 
0.407732 
0.407680 
0.407725 
0.412555 
0.409576 
0.409396 
0.415377 
0.406615 
0.402491 
0.411265 
0.415982 
0.409403 
0.416222 
0.410942 
0.406558 
0.425072 
0.422741 
0.158738 
-0.001691 
0.000000 
0.000000 
0.000000 
0.000000 
0.000000 
0.000000 
0.000000 
0.000000 
0.000000 
0.000000 
0.000000 
0.000000 
0.000000 
0.000000 
0.000000 
0.000000 
0.000000 
0.000000 
0.000000 
0.000000 
0.000000 
0.000000 
0.000000 
0.000000 
0.000000 
0.000000 
0.000000 
0.000000 
0.000000 
0.000000 
0.000000 
0.000000 
0.000000 
0.000000 
0.000000 
0.000000 
0.000000 
0.000000 
0.000000 
0.000000 
0.000000 
0.000000 
0.000000 
0.000000 
0.000000 
0.000000 
0.000000 
0.000000 
0.155495 
0.365479 
0.411097 
0.404174 
0.414510 
0.407631 
0.409681 
0.416267 
0.412381 
0.404538 
0.409046 
0.415564 
0.414308 
0.416838 
0.411156 
0.410714 
0.408214 
0.409126 
0.406333 
0.403969 
0.406314 
0.410363 
0.406757 
0.409364 
0.407557 
0.409464 
0.414368 
0.409084 
0.404652 
0.407426 
0.409400 
0.413707 
0.410225 
0.418083 
0.410684 
0.409255 
0.399487 
0.405377 
0.410024 
0.412169 
0.418211 
0.416147 
0.411273 
0.410891 
0.408867 
0.410058 
0.412375 
0.414565 
0.414518 
0.407612 
0.116694 
0.000000 
0.000000 
0.000000 
0.000000 
0.000000 
0.000000 
0.000000 
0.000000 
0.000000 
0.000000 
0.000000 
0.000000 
0.000000 
0.000000 
0.000000 
0.000000 
0.000000 
0.000000 
0.000000 
0.000000 
0.000000 
0.000000 
0.000000 
0.000000 
0.000000 
0.000000 
0.000000 
0.000000 
0.000000 
0.000000 
0.000000 
0.000000 
0.000000 
0.000000 
0.000000 
0.000000 
0.000000 
0.000000 
0.000000 
0.000000 
0.000000 
0.000000 
0.000000 
0.000000 
0.000000 
0.000000 
0.000000 
0.000000 
0.000000 
0.137010 
0.355198 
0.409384 
0.409363 
0.411206 
0.407826 
0.404182 
0.409301 
0.410993 
0.411111 
0.409383 
0.411014 
0.411451 
0.407318 
0.407542 
0.406231 
0.407403 
0.409440 
0.409492 
0.408514 
0.419588 
0.414152 
0.409829 
0.407439 
0.411289 
0.409298 
0.409215 
0.409509 
0.404190 
0.413885 
0.407674 
0.412296 
0.413434 
0.408971 
0.412750 
0.407773 
0.415627 
0.414866 
0.417610 
0.411374 
0.412213 
0.413335 
0.412396 
0.411640 
0.409656 
0.408713 
0.411166 
0.409022 
0.406299 
0.407487 
0.407739 
0.115001 
0.000000 
0.000000 
0.000000 
0.000000 
0.000000 
0.000000 
0.000000 
0.000000 
0.000000 
0.000000 
0.000000 
0.000000 
0.000000 
0.000000 
0.000000 
0.000000 
0.000000 
0.000000 
0.000000 
