0.212200 
0.212690 
0.213749 
0.211439 
0.212817 
0.211548 
0.214497 
0.209731 
0.213113 
0.212533 
0.210923 
0.212886 
0.210553 
0.214760 
0.211361 
0.212644 
0.212768 
0.213394 
0.212965 
0.212860 
0.210490 
0.213547 
0.213131 
0.211579 
0.213469 
0.212993 
0.212035 
0.211839 
0.060773 
0.000000 
0.000000 
0.000000 
0.000000 
0.000000 
0.000000 
0.000000 
0.000000 
0.000000 
0.000000 
0.000000 
0.000000 
0.000000 
0.000000 
0.000000 
0.000000 
0.000000 
0.000000 
0.000000 
0.000000 
0.000000 
0.000000 
0.000000 
0.000000 
0.000000 
0.000000 
0.000000 
0.000000 
0.000000 
0.000000 
0.000000 
0.000000 
0.000000 
0.000000 
0.000000 
0.000000 
0.000000 
0.000000 
0.000000 
0.000000 
0.000000 
0.000000 
0.000000 
0.000000 
0.000000 
0.000000 
0.000000 
0.000000 
0.035483 
0.086308 
0.118415 
0.142154 
0.155446 
0.171021 
0.179206 
0.188157 
0.192678 
0.198709 
0.200806 
0.205104 
0.207271 
0.206673 
0.209541 
0.209763 
0.211437 
0.211658 
0.212859 
0.213261 
0.213783 
0.212780 
0.216359 
0.213113 
0.213260 
0.212888 
0.213306 
0.212891 
0.213596 
0.213085 
0.214689 
0.212862 
0.214105 
0.213628 
0.213477 
0.213314 
0.211692 
0.214009 
0.213575 
0.213115 
0.210956 
0.213677 
0.212349 
0.214217 
0.213161 
0.214469 
0.213481 
0.213786 
0.213179 
0.213061 
0.060900 
0.000000 
0.000000 
0.000000 
0.000000 
0.000000 
0.000000 
0.000000 
0.000000 
0.000000 
0.000000 
0.000000 
0.000000 
0.000000 
0.000000 
0.000000 
0.000000 
0.000000 
0.000000 
0.000000 
0.000000 
0.000000 
0.000000 
0.000000 
0.000000 
0.000000 
0.000000 
0.000000 
0.000000 
0.000000 
0.000000 
0.000000 
0.000000 
0.000000 
0.000000 
0.000000 
0.000000 
0.000000 
0.000000 
0.000000 
0.000000 
0.000000 
0.000000 
0.000000 
0.000000 
0.000000 
0.000000 
0.000000 
0.000000 
0.000000 
0.025365 
0.080919 
0.116635 
0.138860 
0.155658 
0.169208 
0.181437 
0.188979 
0.195092 
0.198937 
0.203236 
0.206010 
0.206442 
0.209724 
0.209677 
0.209540 
0.211988 
0.211230 
0.213097 
0.213055 
0.215274 
0.214337 
0.212961 
0.214363 
0.214102 
0.215028 
0.213785 
0.212846 
0.213322 
0.212514 
0.212906 
0.212829 
0.215111 
0.213431 
0.214805 
0.212809 
0.213172 
0.213049 
0.215398 
0.212542 
0.212594 
0.212655 
0.212879 
0.211278 
0.213500 
0.215321 
0.213209 
0.213883 
0.215753 
0.213254 
0.060595 
0.000000 
0.000000 
0.000000 
0.000000 
0.000000 
0.000000 
0.000000 
0.000000 
0.000000 
0.000000 
0.000000 
0.000000 
0.000000 
0.000000 
0.000000 
0.000000 
0.000000 
0.000000 
0.000000 
0.000000 
0.000000 
0.000000 
0.000000 
0.000000 
0.000000 
0.000000 
0.000000 
0.000000 
0.000000 
0.000000 
0.000000 
0.000000 
0.000000 
0.000000 
0.000000 
0.000000 
0.000000 
0.000000 
0.000000 
0.000000 
0.000000 
0.000000 
0.000000 
0.000000 
0.000000 
0.000000 
0.000000 
0.000000 
0.000000 
0.018733 
0.076092 
0.115036 
0.138944 
0.155954 
0.168767 
0.182486 
0.186884 
0.194495 
0.200565 
0.204942 
0.207213 
0.208886 
0.211300 
0.212108 
0.212434 
0.213271 
0.213344 
0.215394 
0.212389 
0.213302 
0.213007 
0.214463 
0.214917 
0.214682 
0.214968 
0.215195 
0.214658 
0.213893 
0.214246 
0.214874 
0.213621 
0.212466 
0.211744 
0.214270 
0.213308 
0.215317 
0.214530 
0.215020 
0.213710 
0.214682 
0.214002 
0.215844 
0.212464 
0.212814 
0.213593 
0.213023 
0.215443 
0.215930 
0.214905 
0.060865 
0.000000 
0.000000 
0.000000 
0.000000 
0.000000 
0.000000 
0.000000 
0.000000 
0.000000 
0.000000 
0.000000 
0.000000 
0.000000 
0.000000 
0.000000 
0.000000 
0.000000 
0.000000 
0.000000 
0.000000 
0.000000 
0.000000 
0.000000 
0.000000 
0.000000 
0.000000 
0.000000 
0.000000 
0.000000 
0.000000 
0.000000 
0.000000 
0.000000 
0.000000 
0.000000 
0.000000 
0.000000 
0.000000 
0.000000 
0.000000 
0.000000 
0.000000 
0.000000 
0.000000 
0.000000 
0.000000 
0.000000 
0.000000 
0.000000 
0.030460 
0.087975 
0.120073 
0.143531 
0.160755 
0.170611 
0.184516 
0.191073 
0.196161 
0.197869 
0.201925 
0.206361 
0.209644 
0.209735 
0.211655 
0.212234 
0.215634 
0.213541 
0.216051 
0.213318 
0.215149 
0.214416 
0.213411 
0.213328 
0.214230 
0.215048 
0.216390 
0.215295 
0.214535 
0.216494 
0.216901 
0.214415 
0.215283 
0.214438 
0.213132 
0.213315 
0.214742 
0.214147 
0.215533 
0.216317 
0.214172 
0.215662 
0.216783 
0.216482 
0.214911 
0.216315 
0.214613 
0.213192 
0.216658 
0.213092 
0.060822 
0.000000 
0.000000 
0.000000 
0.000000 
0.000000 
0.000000 
0.000000 
0.000000 
0.000000 
0.000000 
0.000000 
0.000000 
0.000000 
0.000000 
0.000000 
0.000000 
0.000000 
0.000000 
0.000000 
0.000000 
0.000000 
0.000000 
0.000000 
0.000000 
0.000000 
0.000000 
0.000000 
0.000000 
0.000000 
0.000000 
0.000000 
0.000000 
0.000000 
0.000000 
0.000000 
0.000000 
0.000000 
0.000000 
0.000000 
0.000000 
0.000000 
0.000000 
0.000000 
0.000000 
0.000000 
0.000000 
0.000000 
0.000000 
0.000000 
0.040775 
0.095784 
0.126960 
0.146106 
0.162109 
0.174457 
0.184296 
0.191329 
0.196293 
0.202813 
0.203094 
0.208077 
0.209004 
0.209662 
0.212327 
0.213101 
0.213153 
0.216574 
0.217376 
0.218238 
0.217236 
0.216532 
0.216701 
0.217322 
0.217247 
0.214819 
0.217449 
0.215853 
0.216497 
0.219540 
0.216642 
0.216575 
0.218356 
0.218022 
0.216526 
0.217486 
0.216024 
0.214413 
0.216739 
0.217637 
0.217088 
0.216572 
0.216682 
0.220028 
0.217045 
0.219245 
0.218296 
0.217854 
0.216707 
0.216709 
0.060898 
0.000000 
0.000000 
0.000000 
0.000000 
0.000000 
0.000000 
0.000000 
0.000000 
0.000000 
0.000000 
0.000000 
0.000000 
0.000000 
0.000000 
0.000000 
0.000000 
0.000000 
0.000000 
0.000000 
0.000000 
0.000000 
0.000000 
0.000000 
0.000000 
0.000000 
0.000000 
0.000000 
0.000000 
0.000000 
0.000000 
0.000000 
0.000000 
0.000000 
0.000000 
0.000000 
0.000000 
0.000000 
0.000000 
0.000000 
0.000000 
0.000000 
0.000000 
0.000000 
0.000000 
0.000000 
0.000000 
0.000000 
0.000000 
0.000000 
0.035497 
0.089793 
0.121759 
0.145410 
0.162231 
0.176937 
0.185314 
0.194185 
0.200024 
0.204605 
0.208004 
0.211280 
0.211580 
0.213317 
0.214229 
0.214131 
0.216539 
0.218088 
0.218447 
0.216445 
0.219754 
0.219175 
0.219090 
0.217853 
0.219850 
0.219986 
0.218210 
0.218394 
0.218024 
0.218208 
0.219769 
0.217126 
0.219824 
0.218660 
0.219110 
0.218316 
0.217155 
0.219946 
0.216012 
0.216991 
0.218397 
0.218185 
0.218156 
0.218814 
0.220162 
0.221034 
0.219673 
0.221679 
0.219864 
0.219298 
0.060904 
0.000000 
0.000000 
0.000000 
0.000000 
0.000000 
0.000000 
0.000000 
0.000000 
0.000000 
0.000000 
0.000000 
0.000000 
0.000000 
0.000000 
0.000000 
0.000000 
0.000000 
0.000000 
0.000000 
0.000000 
0.000000 
0.000000 
0.000000 
0.000000 
0.000000 
0.000000 
0.000000 
0.000000 
0.000000 
0.000000 
0.000000 
0.000000 
0.000000 
0.000000 
0.000000 
0.000000 
0.000000 
0.000000 
0.000000 
0.000000 
0.000000 
0.000000 
0.000000 
0.000000 
0.000000 
0.000000 
0.000000 
0.000000 
0.000000 
0.043948 
0.094794 
0.125691 
0.146946 
0.162219 
0.176452 
0.187744 
0.192839 
0.201162 
0.204713 
0.210787 
0.211659 
0.213153 
0.216098 
0.216982 
0.216452 
0.216546 
0.217822 
0.218550 
0.220524 
0.218254 
0.221569 
0.219955 
0.221069 
0.222170 
0.219918 
0.221170 
0.218636 
0.221638 
0.218257 
0.221003 
0.218860 
0.219857 
0.221270 
0.221853 
0.219317 
0.222509 
0.220793 
0.221461 
0.219824 
0.221491 
0.220084 
0.219906 
0.221416 
0.221872 
0.221168 
0.221749 
0.222916 
0.221889 
0.222034 
0.061066 
0.000000 
0.000000 
0.000000 
0.000000 
0.000000 
0.000000 
0.000000 
0.000000 
0.000000 
0.000000 
0.000000 
0.000000 
0.000000 
0.000000 
0.000000 
0.000000 
0.000000 
0.000000 
0.000000 
0.000000 
0.000000 
0.000000 
0.000000 
0.000000 
0.000000 
0.000000 
0.000000 
0.000000 
0.000000 
0.000000 
0.000000 
0.000000 
0.000000 
0.000000 
0.000000 
0.000000 
0.000000 
0.000000 
0.000000 
0.000000 
0.000000 
0.000000 
0.000000 
0.000000 
0.000000 
0.000000 
0.000000 
0.000000 
0.000000 
0.033898 
0.084599 
0.118427 
0.143184 
0.160601 
0.172878 
0.185648 
0.192520 
0.200405 
0.202634 
0.209820 
0.211450 
0.213810 
0.217435 
0.216560 
0.217373 
0.217819 
0.217803 
0.220201 
0.219749 
0.220242 
0.219297 
0.218307 
0.220493 
0.220727 
0.218498 
0.221344 
0.220116 
0.218999 
0.219791 
0.220180 
0.220830 
0.220871 
0.219437 
0.219741 
0.219653 
0.220056 
0.219587 
0.220051 
0.219638 
0.219361 
0.218135 
0.219930 
0.219680 
0.218483 
0.220783 
0.220100 
0.219588 
0.220051 
0.221121 
0.062726 
0.000000 
0.000000 
0.000000 
0.000000 
0.000000 
0.000000 
0.000000 
0.000000 
0.000000 
0.000000 
0.000000 
0.000000 
0.000000 
0.000000 
0.000000 
0.000000 
0.000000 
0.000000 
0.000000 
0.000000 
0.000000 
0.000000 
0.000000 
0.000000 
0.000000 
0.000000 
