0.214569 
0.215803 
0.217052 
0.216510 
0.216294 
0.219807 
0.216602 
0.219782 
0.219485 
0.218760 
0.217685 
0.216831 
0.217774 
0.217989 
0.220200 
0.218042 
0.218413 
0.218034 
0.218031 
0.218327 
0.218518 
0.217888 
0.218289 
0.216481 
0.216372 
0.216709 
0.218500 
0.218247 
0.218178 
0.217769 
0.218490 
0.218139 
0.218257 
0.219013 
0.219117 
0.060875 
0.000000 
0.000000 
0.000000 
0.000000 
0.000000 
0.000000 
0.000000 
0.000000 
0.000000 
0.000000 
0.000000 
0.000000 
0.000000 
0.000000 
0.000000 
0.000000 
0.000000 
0.000000 
0.000000 
0.000000 
0.000000 
0.000000 
0.000000 
0.000000 
0.000000 
0.000000 
0.000000 
0.000000 
0.000000 
0.000000 
0.000000 
0.000000 
0.000000 
0.000000 
0.000000 
0.000000 
0.000000 
0.000000 
0.000000 
0.000000 
0.000000 
0.000000 
0.000000 
0.000000 
0.000000 
0.000000 
0.000000 
0.000000 
0.000000 
0.033840 
0.087853 
0.118551 
0.141956 
0.160801 
0.172495 
0.184490 
0.191105 
0.197800 
0.203133 
0.206461 
0.210225 
0.210965 
0.214766 
0.214660 
0.215022 
0.216513 
0.218067 
0.218489 
0.219935 
0.217671 
0.218430 
0.220814 
0.222028 
0.217703 
0.221655 
0.220812 
0.219764 
0.216550 
0.219759 
0.220156 
0.220865 
0.218712 
0.220024 
0.219757 
0.218074 
0.218792 
0.219596 
0.219995 
0.219747 
0.218301 
0.218566 
0.221215 
0.219995 
0.221330 
0.220156 
0.219995 
0.219913 
0.221493 
0.062604 
0.000000 
0.000000 
0.000000 
0.000000 
0.000000 
0.000000 
0.000000 
0.000000 
0.000000 
0.000000 
0.000000 
0.000000 
0.000000 
0.000000 
0.000000 
0.000000 
0.000000 
0.000000 
0.000000 
0.000000 
0.000000 
0.000000 
0.000000 
0.000000 
0.000000 
0.000000 
0.000000 
0.000000 
0.000000 
0.000000 
0.000000 
0.000000 
0.000000 
0.000000 
0.000000 
0.000000 
0.000000 
0.000000 
0.000000 
0.000000 
0.000000 
0.000000 
0.000000 
0.000000 
0.000000 
0.000000 
0.000000 
0.000000 
0.000000 
0.000000 
0.023674 
0.077841 
0.115030 
0.138637 
0.155637 
0.169278 
0.179173 
0.189591 
0.195839 
0.203218 
0.206863 
0.209896 
0.212568 
0.214938 
0.216566 
0.218085 
0.220081 
0.216502 
0.219955 
0.219846 
0.219701 
0.219572 
0.222642 
0.221033 
0.222468 
0.220205 
0.221499 
0.221828 
0.220346 
0.219827 
0.220329 
0.219334 
0.220562 
0.221175 
0.221865 
0.219671 
0.219923 
0.220074 
0.221452 
0.220334 
0.222785 
0.218502 
0.221486 
0.219740 
0.220407 
0.221283 
0.221343 
0.221854 
0.219807 
0.221640 
0.062599 
0.000000 
0.000000 
0.000000 
0.000000 
0.000000 
0.000000 
0.000000 
0.000000 
0.000000 
0.000000 
0.000000 
0.000000 
0.000000 
0.000000 
0.000000 
0.000000 
0.000000 
0.000000 
0.000000 
0.000000 
0.000000 
0.000000 
0.000000 
0.000000 
0.000000 
0.000000 
0.000000 
0.000000 
0.000000 
0.000000 
0.000000 
0.000000 
0.000000 
0.000000 
0.000000 
0.000000 
0.000000 
0.000000 
0.000000 
0.000000 
0.000000 
0.000000 
0.000000 
0.000000 
0.000000 
0.000000 
0.000000 
0.000000 
0.000000 
0.025368 
0.066314 
0.092580 
0.123451 
0.145559 
0.162363 
0.175772 
0.182900 
0.192780 
0.199326 
0.204860 
0.210005 
0.211681 
0.216138 
0.218391 
0.217777 
0.220058 
0.221765 
0.221562 
0.219870 
0.221524 
0.221716 
0.221372 
0.222806 
0.223344 
0.222193 
0.223455 
0.221737 
0.221550 
0.223308 
0.222972 
0.220271 
0.221550 
0.221579 
0.223192 
0.220245 
0.223098 
0.223007 
0.223629 
0.223101 
0.223110 
0.222999 
0.224264 
0.223872 
0.223848 
0.223324 
0.224845 
0.223188 
0.223697 
0.225354 
0.062495 
0.000000 
0.000000 
0.000000 
0.000000 
0.000000 
0.000000 
0.000000 
0.000000 
0.000000 
0.000000 
0.000000 
0.000000 
0.000000 
0.000000 
0.000000 
0.000000 
0.000000 
0.000000 
